100 Dense V=100 E=2000
0 20 1
0 15 1
0 46 1
0 75 1
0 18 1
0 8 1
0 24 1
0 34 1
0 10 1
0 43 1
0 80 1
0 27 1
0 40 1
0 26 1
0 5 1
0 31 1
0 48 1
0 87 1
0 85 1
0 98 1
1 82 1
1 7 1
1 56 1
1 17 1
1 33 1
1 40 1
1 57 1
1 5 1
1 72 1
1 75 1
1 11 1
1 88 1
1 85 1
1 3 1
1 65 1
1 35 1
1 78 1
1 71 1
1 48 1
1 27 1
2 66 1
2 85 1
2 80 1
2 78 1
2 10 1
2 62 1
2 31 1
2 15 1
2 6 1
2 42 1
2 93 1
2 40 1
2 64 1
2 89 1
2 99 1
2 43 1
2 68 1
2 72 1
2 83 1
2 33 1
3 27 1
3 33 1
3 98 1
3 77 1
3 8 1
3 70 1
3 24 1
3 14 1
3 21 1
3 93 1
3 17 1
3 62 1
3 7 1
3 15 1
3 99 1
3 96 1
3 73 1
3 63 1
3 82 1
3 52 1
4 50 1
4 40 1
4 71 1
4 81 1
4 16 1
4 32 1
4 3 1
4 9 1
4 70 1
4 57 1
4 84 1
4 68 1
4 61 1
4 36 1
4 21 1
4 37 1
4 27 1
4 20 1
4 96 1
4 63 1
5 39 1
5 16 1
5 62 1
5 2 1
5 63 1
5 79 1
5 66 1
5 74 1
5 37 1
5 93 1
5 29 1
5 43 1
5 50 1
5 46 1
5 22 1
5 85 1
5 83 1
5 26 1
5 20 1
5 38 1
6 8 1
6 70 1
6 10 1
6 15 1
6 39 1
6 55 1
6 99 1
6 69 1
6 75 1
6 95 1
6 36 1
6 26 1
6 46 1
6 66 1
6 50 1
6 96 1
6 13 1
6 31 1
6 23 1
6 58 1
7 17 1
7 73 1
7 20 1
7 15 1
7 46 1
7 6 1
7 56 1
7 33 1
7 10 1
7 29 1
7 45 1
7 50 1
7 19 1
7 59 1
7 24 1
7 22 1
7 4 1
7 83 1
7 72 1
7 36 1
8 59 1
8 19 1
8 54 1
8 94 1
8 40 1
8 90 1
8 5 1
8 91 1
8 21 1
8 52 1
8 28 1
8 12 1
8 42 1
8 10 1
8 1 1
8 66 1
8 24 1
8 51 1
8 23 1
8 44 1
9 26 1
9 82 1
9 79 1
9 7 1
9 46 1
9 70 1
9 92 1
9 65 1
9 85 1
9 93 1
9 95 1
9 38 1
9 32 1
9 63 1
9 74 1
9 44 1
9 11 1
9 21 1
9 50 1
9 1 1
10 30 1
10 43 1
10 17 1
10 22 1
10 11 1
10 18 1
10 87 1
10 25 1
10 83 1
10 75 1
10 59 1
10 40 1
10 74 1
10 84 1
10 42 1
10 47 1
10 36 1
10 14 1
10 52 1
10 12 1
11 42 1
11 27 1
11 49 1
11 34 1
11 91 1
11 12 1
11 19 1
11 14 1
11 7 1
11 2 1
11 73 1
11 0 1
11 58 1
11 75 1
11 47 1
11 88 1
11 78 1
11 32 1
11 65 1
11 26 1
12 40 1
12 32 1
12 81 1
12 7 1
12 90 1
12 43 1
12 1 1
12 5 1
12 68 1
12 17 1
12 79 1
12 95 1
12 37 1
12 48 1
12 65 1
12 29 1
12 30 1
12 74 1
12 21 1
12 54 1
13 12 1
13 7 1
13 27 1
13 78 1
13 11 1
13 25 1
13 51 1
13 29 1
13 48 1
13 45 1
13 88 1
13 80 1
13 75 1
13 79 1
13 35 1
13 38 1
13 68 1
13 62 1
13 59 1
13 30 1
14 45 1
14 90 1
14 88 1
14 49 1
14 75 1
14 82 1
14 43 1
14 63 1
14 30 1
14 77 1
14 68 1
14 52 1
14 27 1
14 28 1
14 65 1
14 78 1
14 44 1
14 15 1
14 17 1
14 23 1
15 70 1
15 56 1
15 1 1
15 30 1
15 80 1
15 39 1
15 96 1
15 44 1
15 36 1
15 97 1
15 54 1
15 10 1
15 17 1
15 81 1
15 82 1
15 35 1
15 31 1
15 88 1
15 24 1
15 64 1
16 13 1
16 50 1
16 9 1
16 34 1
16 91 1
16 37 1
16 12 1
16 90 1
16 64 1
16 84 1
16 11 1
16 95 1
16 58 1
16 76 1
16 99 1
16 32 1
16 27 1
16 23 1
16 6 1
16 55 1
17 49 1
17 26 1
17 4 1
17 48 1
17 78 1
17 32 1
17 29 1
17 38 1
17 62 1
17 24 1
17 74 1
17 87 1
17 9 1
17 55 1
17 82 1
17 91 1
17 88 1
17 64 1
17 70 1
17 93 1
18 82 1
18 21 1
18 70 1
18 17 1
18 93 1
18 14 1
18 91 1
18 67 1
18 8 1
18 62 1
18 85 1
18 74 1
18 34 1
18 33 1
18 4 1
18 48 1
18 27 1
18 53 1
18 51 1
18 57 1
19 93 1
19 73 1
19 99 1
19 97 1
19 70 1
19 89 1
19 94 1
19 13 1
19 38 1
19 0 1
19 1 1
19 34 1
19 78 1
19 27 1
19 53 1
19 95 1
19 52 1
19 77 1
19 45 1
19 46 1
20 63 1
20 36 1
20 83 1
20 6 1
20 53 1
20 72 1
20 86 1
20 76 1
20 95 1
20 35 1
20 3 1
20 50 1
20 51 1
20 66 1
20 79 1
20 15 1
20 21 1
20 75 1
20 48 1
20 46 1
21 17 1
21 98 1
21 95 1
21 78 1
21 70 1
21 52 1
21 11 1
21 68 1
21 36 1
21 88 1
21 14 1
21 55 1
21 93 1
21 67 1
21 60 1
21 92 1
21 69 1
21 7 1
21 32 1
21 50 1
22 91 1
22 30 1
22 54 1
22 88 1
22 36 1
22 65 1
22 6 1
22 96 1
22 85 1
22 76 1
22 29 1
22 92 1
22 63 1
22 89 1
22 42 1
22 90 1
22 67 1
22 58 1
22 26 1
22 20 1
23 89 1
23 64 1
23 93 1
23 10 1
23 4 1
23 52 1
23 22 1
23 44 1
23 87 1
23 66 1
23 15 1
23 54 1
23 61 1
23 25 1
23 99 1
23 43 1
23 27 1
23 67 1
23 58 1
23 11 1
24 58 1
24 47 1
24 92 1
24 44 1
24 76 1
24 28 1
24 77 1
24 22 1
24 85 1
24 18 1
24 75 1
24 29 1
24 97 1
24 16 1
24 72 1
24 60 1
24 79 1
24 84 1
24 31 1
24 6 1
25 65 1
25 0 1
25 26 1
25 50 1
25 15 1
25 39 1
25 98 1
25 63 1
25 81 1
25 40 1
25 7 1
25 68 1
25 86 1
25 57 1
25 44 1
25 6 1
25 91 1
25 64 1
25 38 1
25 49 1
26 49 1
26 98 1
26 61 1
26 39 1
26 56 1
26 65 1
26 52 1
26 63 1
26 4 1
26 35 1
26 72 1
26 99 1
26 27 1
26 59 1
26 8 1
26 74 1
26 24 1
26 82 1
26 19 1
26 14 1
27 22 1
27 63 1
27 60 1
27 20 1
27 95 1
27 34 1
27 35 1
27 56 1
27 83 1
27 48 1
27 58 1
27 64 1
27 42 1
27 25 1
27 82 1
27 86 1
27 50 1
27 37 1
27 45 1
27 68 1
28 85 1
28 69 1
28 64 1
28 18 1
28 36 1
28 42 1
28 37 1
28 5 1
28 84 1
28 61 1
28 41 1
28 72 1
28 97 1
28 3 1
28 57 1
28 71 1
28 23 1
28 48 1
28 9 1
28 20 1
29 43 1
29 44 1
29 27 1
29 79 1
29 65 1
29 46 1
29 85 1
29 39 1
29 42 1
29 64 1
29 61 1
29 62 1
29 8 1
29 75 1
29 20 1
29 72 1
29 88 1
29 45 1
29 58 1
29 87 1
30 32 1
30 96 1
30 83 1
30 95 1
30 99 1
30 29 1
30 36 1
30 17 1
30 28 1
30 56 1
30 86 1
30 64 1
30 4 1
30 85 1
30 80 1
30 72 1
30 73 1
30 84 1
30 18 1
30 75 1
31 57 1
31 39 1
31 62 1
31 30 1
31 45 1
31 18 1
31 59 1
31 21 1
31 69 1
31 77 1
31 1 1
31 42 1
31 95 1
31 90 1
31 86 1
31 72 1
31 78 1
31 38 1
31 4 1
31 67 1
32 61 1
32 99 1
32 57 1
32 80 1
32 5 1
32 88 1
32 63 1
32 87 1
32 60 1
32 51 1
32 24 1
32 14 1
32 35 1
32 49 1
32 19 1
32 78 1
32 55 1
32 40 1
32 94 1
32 22 1
33 93 1
33 62 1
33 4 1
33 59 1
33 25 1
33 65 1
33 58 1
33 56 1
33 22 1
33 31 1
33 48 1
33 85 1
33 9 1
33 21 1
33 87 1
33 54 1
33 77 1
33 84 1
33 94 1
33 86 1
34 78 1
34 37 1
34 98 1
34 6 1
34 72 1
34 48 1
34 14 1
34 21 1
34 59 1
34 4 1
34 86 1
34 99 1
34 96 1
34 83 1
34 57 1
34 65 1
34 77 1
34 44 1
34 91 1
34 38 1
35 0 1
35 50 1
35 19 1
35 53 1
35 41 1
35 66 1
35 42 1
35 55 1
35 56 1
35 96 1
35 2 1
35 7 1
35 95 1
35 44 1
35 10 1
35 43 1
35 60 1
35 31 1
35 78 1
35 70 1
36 5 1
36 68 1
36 35 1
36 34 1
36 54 1
36 0 1
36 19 1
36 39 1
36 29 1
36 13 1
36 61 1
36 92 1
36 98 1
36 79 1
36 9 1
36 3 1
36 66 1
36 72 1
36 93 1
36 55 1
37 56 1
37 15 1
37 83 1
37 41 1
37 61 1
37 78 1
37 39 1
37 11 1
37 80 1
37 57 1
37 31 1
37 74 1
37 93 1
37 6 1
37 71 1
37 1 1
37 67 1
37 85 1
37 70 1
37 33 1
38 20 1
38 80 1
38 83 1
38 58 1
38 6 1
38 54 1
38 52 1
38 86 1
38 71 1
38 39 1
38 0 1
38 82 1
38 32 1
38 7 1
38 10 1
38 45 1
38 66 1
38 8 1
38 93 1
38 30 1
39 18 1
39 94 1
39 24 1
39 96 1
39 48 1
39 21 1
39 92 1
39 84 1
39 33 1
39 73 1
39 85 1
39 4 1
39 83 1
39 98 1
39 22 1
39 2 1
39 69 1
39 20 1
39 66 1
39 45 1
40 98 1
40 58 1
40 65 1
40 71 1
40 63 1
40 70 1
40 60 1
40 96 1
40 11 1
40 15 1
40 16 1
40 26 1
40 30 1
40 3 1
40 50 1
40 85 1
40 28 1
40 94 1
40 47 1
40 35 1
41 27 1
41 70 1
41 96 1
41 16 1
41 38 1
41 32 1
41 15 1
41 9 1
41 1 1
41 3 1
41 57 1
41 13 1
41 74 1
41 23 1
41 34 1
41 40 1
41 86 1
41 26 1
41 91 1
41 60 1
42 59 1
42 41 1
42 52 1
42 96 1
42 36 1
42 81 1
42 15 1
42 98 1
42 76 1
42 4 1
42 45 1
42 23 1
42 73 1
42 19 1
42 24 1
42 14 1
42 37 1
42 63 1
42 55 1
42 80 1
43 21 1
43 3 1
43 90 1
43 63 1
43 61 1
43 41 1
43 79 1
43 77 1
43 9 1
43 17 1
43 83 1
43 8 1
43 31 1
43 48 1
43 16 1
43 59 1
43 80 1
43 34 1
43 7 1
43 20 1
44 41 1
44 83 1
44 33 1
44 12 1
44 19 1
44 13 1
44 77 1
44 55 1
44 85 1
44 94 1
44 16 1
44 97 1
44 17 1
44 58 1
44 51 1
44 66 1
44 39 1
44 93 1
44 49 1
44 69 1
45 86 1
45 11 1
45 80 1
45 40 1
45 21 1
45 68 1
45 32 1
45 81 1
45 52 1
45 22 1
45 20 1
45 69 1
45 3 1
45 58 1
45 90 1
45 75 1
45 74 1
45 43 1
45 30 1
45 23 1
46 16 1
46 54 1
46 95 1
46 63 1
46 26 1
46 85 1
46 89 1
46 38 1
46 98 1
46 41 1
46 67 1
46 45 1
46 15 1
46 61 1
46 42 1
46 92 1
46 33 1
46 83 1
46 65 1
46 31 1
47 92 1
47 28 1
47 63 1
47 35 1
47 88 1
47 76 1
47 91 1
47 80 1
47 17 1
47 29 1
47 54 1
47 69 1
47 26 1
47 62 1
47 43 1
47 4 1
47 89 1
47 66 1
47 42 1
47 46 1
48 94 1
48 95 1
48 52 1
48 59 1
48 32 1
48 24 1
48 15 1
48 84 1
48 19 1
48 65 1
48 61 1
48 4 1
48 89 1
48 68 1
48 92 1
48 54 1
48 36 1
48 3 1
48 75 1
48 88 1
49 91 1
49 96 1
49 73 1
49 56 1
49 79 1
49 2 1
49 82 1
49 45 1
49 6 1
49 10 1
49 62 1
49 41 1
49 12 1
49 68 1
49 90 1
49 55 1
49 7 1
49 53 1
49 15 1
49 48 1
50 22 1
50 36 1
50 95 1
50 31 1
50 96 1
50 0 1
50 42 1
50 64 1
50 67 1
50 70 1
50 76 1
50 75 1
50 54 1
50 44 1
50 15 1
50 74 1
50 87 1
50 43 1
50 77 1
50 80 1
51 66 1
51 46 1
51 69 1
51 99 1
51 42 1
51 41 1
51 14 1
51 76 1
51 39 1
51 59 1
51 17 1
51 58 1
51 16 1
51 50 1
51 0 1
51 61 1
51 37 1
51 48 1
51 64 1
51 3 1
52 59 1
52 33 1
52 51 1
52 64 1
52 92 1
52 75 1
52 74 1
52 46 1
52 40 1
52 12 1
52 28 1
52 47 1
52 95 1
52 5 1
52 84 1
52 90 1
52 55 1
52 91 1
52 70 1
52 37 1
53 96 1
53 37 1
53 11 1
53 0 1
53 86 1
53 16 1
53 26 1
53 62 1
53 72 1
53 10 1
53 99 1
53 31 1
53 52 1
53 12 1
53 46 1
53 41 1
53 48 1
53 76 1
53 1 1
53 3 1
54 0 1
54 29 1
54 73 1
54 84 1
54 37 1
54 89 1
54 79 1
54 74 1
54 11 1
54 70 1
54 9 1
54 14 1
54 82 1
54 69 1
54 21 1
54 64 1
54 24 1
54 68 1
54 16 1
54 90 1
55 31 1
55 74 1
55 47 1
55 59 1
55 81 1
55 14 1
55 87 1
55 57 1
55 65 1
55 64 1
55 7 1
55 97 1
55 39 1
55 10 1
55 51 1
55 30 1
55 99 1
55 60 1
55 25 1
55 70 1
56 36 1
56 89 1
56 77 1
56 65 1
56 96 1
56 54 1
56 11 1
56 55 1
56 72 1
56 48 1
56 28 1
56 61 1
56 46 1
56 51 1
56 81 1
56 53 1
56 98 1
56 19 1
56 58 1
56 20 1
57 13 1
57 77 1
57 19 1
57 97 1
57 65 1
57 54 1
57 76 1
57 2 1
57 80 1
57 26 1
57 92 1
57 20 1
57 53 1
57 91 1
57 73 1
57 36 1
57 0 1
57 29 1
57 75 1
57 99 1
58 43 1
58 95 1
58 84 1
58 65 1
58 5 1
58 25 1
58 74 1
58 4 1
58 32 1
58 83 1
58 46 1
58 92 1
58 53 1
58 75 1
58 36 1
58 57 1
58 47 1
58 3 1
58 35 1
58 7 1
59 79 1
59 82 1
59 64 1
59 89 1
59 73 1
59 37 1
59 30 1
59 44 1
59 72 1
59 71 1
59 38 1
59 40 1
59 29 1
59 95 1
59 75 1
59 69 1
59 24 1
59 2 1
59 49 1
59 16 1
60 10 1
60 51 1
60 97 1
60 84 1
60 79 1
60 16 1
60 17 1
60 86 1
60 61 1
60 39 1
60 25 1
60 11 1
60 44 1
60 98 1
60 2 1
60 72 1
60 95 1
60 42 1
60 64 1
60 82 1
61 57 1
61 15 1
61 50 1
61 20 1
61 53 1
61 44 1
61 9 1
61 6 1
61 40 1
61 65 1
61 24 1
61 21 1
61 97 1
61 35 1
61 30 1
61 41 1
61 78 1
61 58 1
61 22 1
61 55 1
62 85 1
62 56 1
62 43 1
62 63 1
62 51 1
62 73 1
62 92 1
62 71 1
62 88 1
62 69 1
62 80 1
62 60 1
62 64 1
62 48 1
62 98 1
62 95 1
62 74 1
62 8 1
62 93 1
62 0 1
63 23 1
63 80 1
63 50 1
63 79 1
63 96 1
63 65 1
63 99 1
63 49 1
63 41 1
63 83 1
63 71 1
63 51 1
63 68 1
63 84 1
63 77 1
63 12 1
63 30 1
63 61 1
63 34 1
63 17 1
64 19 1
64 20 1
64 90 1
64 67 1
64 91 1
64 41 1
64 69 1
64 36 1
64 42 1
64 38 1
64 24 1
64 79 1
64 35 1
64 68 1
64 75 1
64 81 1
64 5 1
64 95 1
64 74 1
64 58 1
65 41 1
65 7 1
65 36 1
65 73 1
65 94 1
65 60 1
65 79 1
65 54 1
65 45 1
65 38 1
65 0 1
65 83 1
65 64 1
65 98 1
65 80 1
65 76 1
65 21 1
65 18 1
65 74 1
65 43 1
66 11 1
66 40 1
66 27 1
66 78 1
66 4 1
66 31 1
66 45 1
66 96 1
66 63 1
66 54 1
66 46 1
66 25 1
66 95 1
66 9 1
66 89 1
66 81 1
66 97 1
66 86 1
66 60 1
66 30 1
67 36 1
67 11 1
67 33 1
67 1 1
67 99 1
67 97 1
67 82 1
67 44 1
67 25 1
67 94 1
67 65 1
67 76 1
67 63 1
67 10 1
67 8 1
67 27 1
67 79 1
67 4 1
67 14 1
67 20 1
68 79 1
68 97 1
68 20 1
68 93 1
68 84 1
68 29 1
68 55 1
68 24 1
68 74 1
68 38 1
68 82 1
68 17 1
68 65 1
68 3 1
68 56 1
68 72 1
68 71 1
68 85 1
68 83 1
68 92 1
69 48 1
69 94 1
69 75 1
69 37 1
69 23 1
69 57 1
69 58 1
69 41 1
69 53 1
69 60 1
69 98 1
69 95 1
69 77 1
69 68 1
69 83 1
69 65 1
69 18 1
69 42 1
69 4 1
69 86 1
70 22 1
70 44 1
70 79 1
70 12 1
70 80 1
70 53 1
70 34 1
70 36 1
70 10 1
70 5 1
70 95 1
70 77 1
70 46 1
70 13 1
70 61 1
70 69 1
70 93 1
70 98 1
70 43 1
70 72 1
71 13 1
71 55 1
71 0 1
71 80 1
71 56 1
71 25 1
71 94 1
71 46 1
71 67 1
71 83 1
71 65 1
71 92 1
71 26 1
71 57 1
71 66 1
71 32 1
71 70 1
71 78 1
71 53 1
71 79 1
72 12 1
72 76 1
72 23 1
72 13 1
72 79 1
72 38 1
72 0 1
72 5 1
72 10 1
72 85 1
72 15 1
72 48 1
72 63 1
72 54 1
72 78 1
72 19 1
72 57 1
72 92 1
72 67 1
72 77 1
73 4 1
73 44 1
73 29 1
73 15 1
73 80 1
73 94 1
73 37 1
73 14 1
73 25 1
73 61 1
73 79 1
73 2 1
73 86 1
73 28 1
73 82 1
73 9 1
73 35 1
73 18 1
73 24 1
73 23 1
74 43 1
74 83 1
74 94 1
74 81 1
74 91 1
74 93 1
74 89 1
74 80 1
74 63 1
74 82 1
74 40 1
74 71 1
74 88 1
74 33 1
74 75 1
74 96 1
74 84 1
74 56 1
74 14 1
74 34 1
75 80 1
75 89 1
75 71 1
75 21 1
75 41 1
75 81 1
75 53 1
75 51 1
75 2 1
75 65 1
75 97 1
75 37 1
75 36 1
75 87 1
75 9 1
75 44 1
75 67 1
75 43 1
75 8 1
75 19 1
76 31 1
76 41 1
76 70 1
76 91 1
76 5 1
76 88 1
76 97 1
76 64 1
76 75 1
76 27 1
76 12 1
76 52 1
76 2 1
76 21 1
76 84 1
76 26 1
76 8 1
76 9 1
76 59 1
76 18 1
77 25 1
77 0 1
77 2 1
77 38 1
77 6 1
77 37 1
77 20 1
77 21 1
77 73 1
77 53 1
77 67 1
77 11 1
77 55 1
77 98 1
77 46 1
77 49 1
77 97 1
77 74 1
77 64 1
77 16 1
78 65 1
78 51 1
78 81 1
78 94 1
78 85 1
78 39 1
78 86 1
78 24 1
78 74 1
78 36 1
78 93 1
78 92 1
78 3 1
78 95 1
78 53 1
78 90 1
78 7 1
78 69 1
78 63 1
78 60 1
79 98 1
79 50 1
79 2 1
79 46 1
79 76 1
79 55 1
79 62 1
79 6 1
79 28 1
79 47 1
79 7 1
79 75 1
79 87 1
79 10 1
79 52 1
79 74 1
79 17 1
79 1 1
79 95 1
79 15 1
80 66 1
80 10 1
80 31 1
80 51 1
80 34 1
80 56 1
80 64 1
80 93 1
80 86 1
80 97 1
80 78 1
80 67 1
80 48 1
80 8 1
80 58 1
80 39 1
80 26 1
80 94 1
80 3 1
80 33 1
81 33 1
81 5 1
81 28 1
81 14 1
81 73 1
81 37 1
81 71 1
81 9 1
81 58 1
81 54 1
81 49 1
81 97 1
81 34 1
81 82 1
81 77 1
81 51 1
81 7 1
81 63 1
81 8 1
81 57 1
82 91 1
82 96 1
82 62 1
82 5 1
82 7 1
82 63 1
82 79 1
82 58 1
82 47 1
82 22 1
82 84 1
82 51 1
82 33 1
82 97 1
82 19 1
82 53 1
82 11 1
82 37 1
82 61 1
82 93 1
83 70 1
83 76 1
83 25 1
83 4 1
83 61 1
83 9 1
83 85 1
83 32 1
83 91 1
83 18 1
83 64 1
83 16 1
83 55 1
83 75 1
83 86 1
83 57 1
83 94 1
83 88 1
83 97 1
83 84 1
84 80 1
84 66 1
84 46 1
84 71 1
84 78 1
84 64 1
84 97 1
84 79 1
84 91 1
84 61 1
84 9 1
84 51 1
84 8 1
84 31 1
84 15 1
84 94 1
84 67 1
84 38 1
84 35 1
84 86 1
85 26 1
85 38 1
85 94 1
85 54 1
85 55 1
85 23 1
85 63 1
85 59 1
85 58 1
85 97 1
85 16 1
85 56 1
85 69 1
85 71 1
85 15 1
85 20 1
85 88 1
85 36 1
85 76 1
85 79 1
86 95 1
86 91 1
86 97 1
86 63 1
86 88 1
86 29 1
86 39 1
86 81 1
86 75 1
86 48 1
86 70 1
86 96 1
86 65 1
86 40 1
86 76 1
86 49 1
86 74 1
86 24 1
86 11 1
86 90 1
87 67 1
87 88 1
87 9 1
87 70 1
87 80 1
87 64 1
87 99 1
87 58 1
87 40 1
87 85 1
87 34 1
87 97 1
87 4 1
87 39 1
87 52 1
87 90 1
87 27 1
87 43 1
87 63 1
87 3 1
88 64 1
88 42 1
88 30 1
88 46 1
88 65 1
88 80 1
88 56 1
88 58 1
88 78 1
88 93 1
88 36 1
88 26 1
88 33 1
88 49 1
88 79 1
88 66 1
88 24 1
88 51 1
88 18 1
88 71 1
89 76 1
89 65 1
89 52 1
89 81 1
89 42 1
89 27 1
89 24 1
89 9 1
89 98 1
89 38 1
89 78 1
89 57 1
89 93 1
89 37 1
89 15 1
89 73 1
89 18 1
89 16 1
89 5 1
89 28 1
90 77 1
90 18 1
90 80 1
90 83 1
90 36 1
90 63 1
90 35 1
90 21 1
90 95 1
90 58 1
90 28 1
90 62 1
90 37 1
90 2 1
90 25 1
90 11 1
90 34 1
90 76 1
90 27 1
90 73 1
91 90 1
91 33 1
91 62 1
91 48 1
91 12 1
91 67 1
91 10 1
91 7 1
91 58 1
91 56 1
91 46 1
91 39 1
91 88 1
91 2 1
91 37 1
91 40 1
91 3 1
91 69 1
91 99 1
91 29 1
92 20 1
92 34 1
92 99 1
92 83 1
92 81 1
92 25 1
92 44 1
92 65 1
92 6 1
92 13 1
92 1 1
92 43 1
92 8 1
92 14 1
92 23 1
92 38 1
92 5 1
92 91 1
92 87 1
92 96 1
93 96 1
93 7 1
93 84 1
93 31 1
93 69 1
93 90 1
93 13 1
93 35 1
93 6 1
93 67 1
93 66 1
93 29 1
93 32 1
93 55 1
93 14 1
93 64 1
93 86 1
93 46 1
93 24 1
93 25 1
94 99 1
94 29 1
94 16 1
94 12 1
94 30 1
94 72 1
94 75 1
94 59 1
94 86 1
94 91 1
94 13 1
94 35 1
94 18 1
94 20 1
94 36 1
94 95 1
94 2 1
94 82 1
94 37 1
94 51 1
95 92 1
95 42 1
95 8 1
95 40 1
95 77 1
95 14 1
95 32 1
95 10 1
95 84 1
95 3 1
95 98 1
95 75 1
95 91 1
95 83 1
95 99 1
95 41 1
95 61 1
95 73 1
95 5 1
95 56 1
96 58 1
96 31 1
96 91 1
96 69 1
96 78 1
96 20 1
96 72 1
96 36 1
96 47 1
96 68 1
96 28 1
96 33 1
96 70 1
96 64 1
96 98 1
96 5 1
96 48 1
96 90 1
96 0 1
96 27 1
97 3 1
97 1 1
97 30 1
97 70 1
97 14 1
97 74 1
97 92 1
97 79 1
97 53 1
97 23 1
97 62 1
97 21 1
97 89 1
97 43 1
97 48 1
97 29 1
97 52 1
97 35 1
97 25 1
97 27 1
98 90 1
98 22 1
98 35 1
98 99 1
98 14 1
98 97 1
98 74 1
98 67 1
98 47 1
98 72 1
98 78 1
98 41 1
98 12 1
98 91 1
98 11 1
98 83 1
98 68 1
98 76 1
98 71 1
98 85 1
99 59 1
99 9 1
99 88 1
99 35 1
99 40 1
99 13 1
99 66 1
99 33 1
99 20 1
99 37 1
99 75 1
99 22 1
99 43 1
99 90 1
99 58 1
99 89 1
99 85 1
99 74 1
99 18 1
99 5 1
