2000 Sparse V=2000 E=2000
0 1141 1
1 1833 1
2 1069 1
3 105 1
4 779 1
5 1671 1
6 1631 1
7 477 1
8 641 1
9 1926 1
10 1270 1
11 1677 1
12 697 1
13 1468 1
14 1423 1
15 1079 1
16 1830 1
17 1762 1
18 871 1
19 56 1
20 1477 1
21 978 1
22 1063 1
23 1088 1
24 1037 1
25 1968 1
26 1885 1
27 229 1
28 697 1
29 1689 1
30 1508 1
31 778 1
32 1581 1
33 1267 1
34 964 1
35 623 1
36 1681 1
37 418 1
38 610 1
39 1025 1
40 1889 1
41 787 1
42 595 1
43 601 1
44 30 1
45 1069 1
46 992 1
47 1705 1
48 1830 1
49 586 1
50 1711 1
51 281 1
52 472 1
53 1965 1
54 146 1
55 1561 1
56 1424 1
57 330 1
58 1289 1
59 590 1
60 497 1
61 235 1
62 1686 1
63 1619 1
64 134 1
65 1510 1
66 1784 1
67 842 1
68 1443 1
69 1225 1
70 384 1
71 1962 1
72 1823 1
73 656 1
74 1894 1
75 1660 1
76 1705 1
77 975 1
78 1656 1
79 1431 1
80 88 1
81 1566 1
82 77 1
83 578 1
84 553 1
85 1427 1
86 496 1
87 1628 1
88 1200 1
89 1749 1
90 1468 1
91 280 1
92 709 1
93 1227 1
94 1505 1
95 539 1
96 1141 1
97 1987 1
98 1416 1
99 1120 1
100 1235 1
101 1719 1
102 632 1
103 992 1
104 1346 1
105 219 1
106 738 1
107 281 1
108 1591 1
109 59 1
110 513 1
111 1230 1
112 675 1
113 1781 1
114 947 1
115 1748 1
116 752 1
117 1245 1
118 881 1
119 933 1
120 854 1
121 1454 1
122 217 1
123 120 1
124 198 1
125 313 1
126 1431 1
127 164 1
128 1192 1
129 737 1
130 657 1
131 1218 1
132 253 1
133 917 1
134 715 1
135 953 1
136 1705 1
137 300 1
138 583 1
139 1426 1
140 1774 1
141 1125 1
142 1206 1
143 1437 1
144 1963 1
145 665 1
146 1900 1
147 1753 1
148 1530 1
149 1346 1
150 1449 1
151 883 1
152 1945 1
153 1824 1
154 471 1
155 1718 1
156 1702 1
157 1007 1
158 1439 1
159 241 1
160 990 1
161 712 1
162 375 1
163 331 1
164 1937 1
165 1876 1
166 760 1
167 1374 1
168 1521 1
169 257 1
170 1358 1
171 675 1
172 95 1
173 687 1
174 849 1
175 624 1
176 1634 1
177 1058 1
178 449 1
179 907 1
180 1451 1
181 160 1
182 803 1
183 926 1
184 906 1
185 656 1
186 1688 1
187 1837 1
188 1451 1
189 1406 1
190 552 1
191 1360 1
192 756 1
193 1828 1
194 258 1
195 1692 1
196 358 1
197 225 1
198 1965 1
199 1719 1
200 605 1
201 382 1
202 908 1
203 129 1
204 1107 1
205 870 1
206 1424 1
207 429 1
208 1727 1
209 516 1
210 1474 1
211 139 1
212 527 1
213 1476 1
214 796 1
215 1009 1
216 130 1
217 1948 1
218 589 1
219 80 1
220 711 1
221 1538 1
222 1351 1
223 1132 1
224 162 1
225 1779 1
226 183 1
227 746 1
228 1766 1
229 1579 1
230 1144 1
231 1325 1
232 1572 1
233 1309 1
234 279 1
235 131 1
236 1446 1
237 460 1
238 653 1
239 1326 1
240 720 1
241 1874 1
242 1759 1
243 1331 1
244 1219 1
245 670 1
246 61 1
247 1251 1
248 1345 1
249 181 1
250 258 1
251 901 1
252 229 1
253 348 1
254 461 1
255 1807 1
256 1823 1
257 606 1
258 1172 1
259 1894 1
260 297 1
261 836 1
262 482 1
263 1038 1
264 227 1
265 1427 1
266 1868 1
267 1810 1
268 612 1
269 74 1
270 1352 1
271 338 1
272 1659 1
273 70 1
274 626 1
275 717 1
276 106 1
277 1316 1
278 1256 1
279 1797 1
280 1118 1
281 574 1
282 930 1
283 607 1
284 1309 1
285 16 1
286 334 1
287 1304 1
288 27 1
289 955 1
290 809 1
291 854 1
292 358 1
293 1529 1
294 1548 1
295 1761 1
296 1306 1
297 1414 1
298 1446 1
299 173 1
300 467 1
301 255 1
302 1703 1
303 1320 1
304 230 1
305 1678 1
306 361 1
307 1220 1
308 1188 1
309 1049 1
310 1870 1
311 1625 1
312 104 1
313 1016 1
314 625 1
315 1576 1
316 1679 1
317 1099 1
318 1872 1
319 688 1
320 519 1
321 1138 1
322 1316 1
323 145 1
324 33 1
325 414 1
326 1411 1
327 1717 1
328 127 1
329 841 1
330 1651 1
331 368 1
332 974 1
333 1323 1
334 1477 1
335 1413 1
336 4 1
337 635 1
338 703 1
339 42 1
340 637 1
341 1814 1
342 1024 1
343 1266 1
344 875 1
345 806 1
346 1237 1
347 1191 1
348 372 1
349 164 1
350 1747 1
351 669 1
352 1163 1
353 964 1
354 1856 1
355 884 1
356 224 1
357 1290 1
358 1773 1
359 759 1
360 1122 1
361 964 1
362 373 1
363 1144 1
364 1080 1
365 519 1
366 1085 1
367 822 1
368 1164 1
369 279 1
370 1170 1
371 1161 1
372 351 1
373 69 1
374 1586 1
375 828 1
376 1880 1
377 1405 1
378 104 1
379 1942 1
380 1481 1
381 1421 1
382 846 1
383 190 1
384 1245 1
385 685 1
386 501 1
387 165 1
388 592 1
389 1000 1
390 787 1
391 221 1
392 1019 1
393 1029 1
394 723 1
395 586 1
396 129 1
397 1069 1
398 824 1
399 1889 1
400 1459 1
401 1493 1
402 1866 1
403 602 1
404 1504 1
405 630 1
406 1297 1
407 1488 1
408 1101 1
409 368 1
410 1255 1
411 773 1
412 420 1
413 216 1
414 1464 1
415 617 1
416 616 1
417 1527 1
418 1559 1
419 988 1
420 1813 1
421 1975 1
422 725 1
423 1451 1
424 501 1
425 119 1
426 617 1
427 1778 1
428 160 1
429 194 1
430 297 1
431 1730 1
432 1730 1
433 1412 1
434 1327 1
435 1814 1
436 1281 1
437 1497 1
438 1145 1
439 93 1
440 392 1
441 1542 1
442 342 1
443 23 1
444 1705 1
445 370 1
446 598 1
447 1455 1
448 1807 1
449 1263 1
450 733 1
451 1959 1
452 1171 1
453 358 1
454 784 1
455 1940 1
456 661 1
457 1404 1
458 1242 1
459 1071 1
460 880 1
461 320 1
462 807 1
463 1598 1
464 1278 1
465 1664 1
466 1343 1
467 322 1
468 790 1
469 463 1
470 1399 1
471 557 1
472 318 1
473 619 1
474 894 1
475 269 1
476 1369 1
477 509 1
478 1676 1
479 601 1
480 906 1
481 386 1
482 1862 1
483 149 1
484 1031 1
485 349 1
486 593 1
487 1244 1
488 480 1
489 248 1
490 1341 1
491 761 1
492 1767 1
493 1767 1
494 690 1
495 1281 1
496 492 1
497 1721 1
498 1862 1
499 44 1
500 358 1
501 450 1
502 830 1
503 1549 1
504 501 1
505 1041 1
506 879 1
507 99 1
508 1002 1
509 358 1
510 1741 1
511 138 1
512 186 1
513 1880 1
514 226 1
515 118 1
516 1204 1
517 1782 1
518 1406 1
519 1688 1
520 301 1
521 1160 1
522 318 1
523 1189 1
524 305 1
525 1910 1
526 587 1
527 1537 1
528 1738 1
529 345 1
530 949 1
531 276 1
532 1199 1
533 578 1
534 135 1
535 1475 1
536 485 1
537 1260 1
538 603 1
539 1783 1
540 436 1
541 23 1
542 1078 1
543 665 1
544 1500 1
545 1598 1
546 1422 1
547 103 1
548 189 1
549 1929 1
550 1 1
551 871 1
552 314 1
553 603 1
554 1166 1
555 1253 1
556 1358 1
557 1819 1
558 1678 1
559 1571 1
560 1502 1
561 144 1
562 830 1
563 332 1
564 485 1
565 1950 1
566 552 1
567 1744 1
568 92 1
569 339 1
570 915 1
571 1871 1
572 52 1
573 1242 1
574 283 1
575 1171 1
576 1427 1
577 236 1
578 813 1
579 371 1
580 295 1
581 526 1
582 267 1
583 948 1
584 1053 1
585 653 1
586 210 1
587 327 1
588 670 1
589 1379 1
590 1840 1
591 553 1
592 792 1
593 221 1
594 995 1
595 858 1
596 777 1
597 1171 1
598 675 1
599 1321 1
600 301 1
601 916 1
602 743 1
603 1697 1
604 1723 1
605 1614 1
606 1781 1
607 1441 1
608 1176 1
609 1916 1
610 545 1
611 736 1
612 1654 1
613 1031 1
614 1484 1
615 1704 1
616 895 1
617 511 1
618 676 1
619 606 1
620 1498 1
621 1877 1
622 770 1
623 167 1
624 795 1
625 1932 1
626 1377 1
627 803 1
628 857 1
629 592 1
630 455 1
631 1578 1
632 1626 1
633 512 1
634 941 1
635 799 1
636 1395 1
637 806 1
638 788 1
639 6 1
640 254 1
641 360 1
642 1137 1
643 238 1
644 109 1
645 1103 1
646 310 1
647 427 1
648 1572 1
649 858 1
650 1075 1
651 854 1
652 1387 1
653 1079 1
654 1040 1
655 1213 1
656 799 1
657 734 1
658 602 1
659 1056 1
660 932 1
661 279 1
662 1406 1
663 426 1
664 1002 1
665 198 1
666 1466 1
667 257 1
668 292 1
669 1737 1
670 718 1
671 635 1
672 883 1
673 1676 1
674 633 1
675 1988 1
676 1989 1
677 1309 1
678 1450 1
679 1554 1
680 684 1
681 75 1
682 1413 1
683 574 1
684 62 1
685 1768 1
686 103 1
687 1231 1
688 1367 1
689 1152 1
690 303 1
691 1749 1
692 1227 1
693 710 1
694 2 1
695 738 1
696 185 1
697 1603 1
698 864 1
699 939 1
700 1762 1
701 1737 1
702 35 1
703 358 1
704 182 1
705 741 1
706 339 1
707 177 1
708 764 1
709 1066 1
710 29 1
711 1119 1
712 226 1
713 1305 1
714 219 1
715 1587 1
716 1469 1
717 774 1
718 243 1
719 178 1
720 1767 1
721 1833 1
722 514 1
723 222 1
724 955 1
725 1198 1
726 1270 1
727 61 1
728 656 1
729 1283 1
730 1090 1
731 1665 1
732 749 1
733 681 1
734 1552 1
735 32 1
736 1103 1
737 181 1
738 115 1
739 250 1
740 590 1
741 794 1
742 658 1
743 981 1
744 125 1
745 1370 1
746 1388 1
747 29 1
748 938 1
749 1469 1
750 1472 1
751 1136 1
752 668 1
753 1703 1
754 1125 1
755 655 1
756 675 1
757 1041 1
758 1576 1
759 621 1
760 27 1
761 1440 1
762 634 1
763 283 1
764 903 1
765 1104 1
766 1175 1
767 449 1
768 1127 1
769 964 1
770 248 1
771 1240 1
772 1725 1
773 1308 1
774 190 1
775 1851 1
776 1772 1
777 537 1
778 1855 1
779 1755 1
780 484 1
781 746 1
782 370 1
783 1064 1
784 1084 1
785 238 1
786 414 1
787 356 1
788 1032 1
789 399 1
790 1614 1
791 613 1
792 968 1
793 1984 1
794 978 1
795 662 1
796 320 1
797 1290 1
798 1088 1
799 979 1
800 1713 1
801 1583 1
802 891 1
803 1269 1
804 838 1
805 1435 1
806 1184 1
807 99 1
808 578 1
809 140 1
810 1077 1
811 170 1
812 1238 1
813 1469 1
814 1870 1
815 586 1
816 584 1
817 820 1
818 1644 1
819 1726 1
820 875 1
821 1895 1
822 577 1
823 1777 1
824 1628 1
825 962 1
826 1370 1
827 595 1
828 917 1
829 337 1
830 390 1
831 1753 1
832 1515 1
833 848 1
834 71 1
835 1215 1
836 1196 1
837 850 1
838 1049 1
839 1351 1
840 527 1
841 1049 1
842 1348 1
843 1457 1
844 13 1
845 1401 1
846 991 1
847 1819 1
848 1756 1
849 203 1
850 738 1
851 875 1
852 1766 1
853 1945 1
854 537 1
855 272 1
856 575 1
857 320 1
858 915 1
859 1620 1
860 437 1
861 199 1
862 174 1
863 387 1
864 344 1
865 1273 1
866 1271 1
867 1541 1
868 1735 1
869 1146 1
870 1895 1
871 1884 1
872 1738 1
873 1994 1
874 1923 1
875 238 1
876 999 1
877 1613 1
878 1515 1
879 1239 1
880 1927 1
881 1085 1
882 11 1
883 1911 1
884 1862 1
885 815 1
886 12 1
887 1830 1
888 1236 1
889 37 1
890 990 1
891 1751 1
892 87 1
893 1705 1
894 50 1
895 241 1
896 898 1
897 76 1
898 1580 1
899 1286 1
900 13 1
901 129 1
902 74 1
903 796 1
904 42 1
905 740 1
906 1971 1
907 630 1
908 1599 1
909 1364 1
910 608 1
911 587 1
912 1145 1
913 770 1
914 988 1
915 1889 1
916 191 1
917 403 1
918 1732 1
919 208 1
920 847 1
921 1591 1
922 981 1
923 127 1
924 813 1
925 1556 1
926 1116 1
927 1223 1
928 1244 1
929 763 1
930 1414 1
931 221 1
932 47 1
933 339 1
934 418 1
935 1980 1
936 1558 1
937 1108 1
938 1342 1
939 1730 1
940 1388 1
941 461 1
942 386 1
943 818 1
944 1416 1
945 940 1
946 1284 1
947 1427 1
948 301 1
949 749 1
950 1596 1
951 1918 1
952 915 1
953 1790 1
954 335 1
955 573 1
956 1202 1
957 1294 1
958 373 1
959 124 1
960 1062 1
961 333 1
962 805 1
963 1174 1
964 35 1
965 794 1
966 170 1
967 874 1
968 1280 1
969 858 1
970 157 1
971 507 1
972 1210 1
973 92 1
974 1434 1
975 79 1
976 202 1
977 1530 1
978 551 1
979 1981 1
980 295 1
981 267 1
982 1833 1
983 257 1
984 182 1
985 1948 1
986 1935 1
987 1076 1
988 23 1
989 1255 1
990 1584 1
991 1502 1
992 641 1
993 1068 1
994 1267 1
995 1513 1
996 951 1
997 969 1
998 1612 1
999 1007 1
1000 676 1
1001 1415 1
1002 220 1
1003 1109 1
1004 1408 1
1005 1141 1
1006 1257 1
1007 738 1
1008 1171 1
1009 1695 1
1010 503 1
1011 789 1
1012 253 1
1013 712 1
1014 1347 1
1015 1619 1
1016 1099 1
1017 1418 1
1018 1798 1
1019 172 1
1020 394 1
1021 489 1
1022 1582 1
1023 97 1
1024 1640 1
1025 1939 1
1026 222 1
1027 795 1
1028 1038 1
1029 1993 1
1030 391 1
1031 1336 1
1032 1286 1
1033 450 1
1034 1247 1
1035 1585 1
1036 187 1
1037 973 1
1038 685 1
1039 442 1
1040 1209 1
1041 888 1
1042 7 1
1043 477 1
1044 30 1
1045 1867 1
1046 264 1
1047 1099 1
1048 810 1
1049 469 1
1050 86 1
1051 1253 1
1052 587 1
1053 1664 1
1054 1018 1
1055 1785 1
1056 601 1
1057 598 1
1058 1006 1
1059 1580 1
1060 1172 1
1061 76 1
1062 535 1
1063 1364 1
1064 1337 1
1065 309 1
1066 918 1
1067 1020 1
1068 1104 1
1069 1701 1
1070 1226 1
1071 222 1
1072 691 1
1073 1036 1
1074 245 1
1075 329 1
1076 443 1
1077 955 1
1078 1677 1
1079 385 1
1080 1639 1
1081 1520 1
1082 447 1
1083 1782 1
1084 464 1
1085 1946 1
1086 562 1
1087 82 1
1088 223 1
1089 986 1
1090 1441 1
1091 407 1
1092 110 1
1093 1165 1
1094 1168 1
1095 1057 1
1096 360 1
1097 1304 1
1098 1747 1
1099 84 1
1100 703 1
1101 928 1
1102 355 1
1103 629 1
1104 6 1
1105 816 1
1106 948 1
1107 223 1
1108 836 1
1109 1788 1
1110 1579 1
1111 940 1
1112 89 1
1113 1726 1
1114 670 1
1115 425 1
1116 546 1
1117 850 1
1118 1539 1
1119 1169 1
1120 1391 1
1121 1534 1
1122 1974 1
1123 1938 1
1124 628 1
1125 1823 1
1126 1920 1
1127 541 1
1128 817 1
1129 839 1
1130 1774 1
1131 1999 1
1132 1267 1
1133 1963 1
1134 1755 1
1135 918 1
1136 1345 1
1137 1036 1
1138 695 1
1139 227 1
1140 30 1
1141 628 1
1142 1995 1
1143 1473 1
1144 1348 1
1145 1912 1
1146 1658 1
1147 1099 1
1148 715 1
1149 76 1
1150 21 1
1151 476 1
1152 968 1
1153 969 1
1154 397 1
1155 1260 1
1156 1536 1
1157 1335 1
1158 29 1
1159 592 1
1160 1735 1
1161 1403 1
1162 78 1
1163 912 1
1164 1718 1
1165 518 1
1166 1502 1
1167 265 1
1168 739 1
1169 115 1
1170 290 1
1171 863 1
1172 1656 1
1173 1788 1
1174 312 1
1175 698 1
1176 303 1
1177 861 1
1178 1732 1
1179 928 1
1180 1546 1
1181 313 1
1182 1356 1
1183 1785 1
1184 339 1
1185 719 1
1186 121 1
1187 1357 1
1188 576 1
1189 41 1
1190 142 1
1191 920 1
1192 1347 1
1193 406 1
1194 105 1
1195 691 1
1196 1638 1
1197 878 1
1198 1196 1
1199 23 1
1200 1360 1
1201 666 1
1202 205 1
1203 1033 1
1204 870 1
1205 1949 1
1206 1797 1
1207 379 1
1208 57 1
1209 1955 1
1210 1239 1
1211 1120 1
1212 1278 1
1213 24 1
1214 148 1
1215 1891 1
1216 1716 1
1217 925 1
1218 1039 1
1219 746 1
1220 1201 1
1221 898 1
1222 1813 1
1223 1230 1
1224 1746 1
1225 867 1
1226 1825 1
1227 1127 1
1228 1431 1
1229 547 1
1230 1033 1
1231 21 1
1232 1085 1
1233 178 1
1234 1092 1
1235 610 1
1236 1452 1
1237 210 1
1238 320 1
1239 1677 1
1240 962 1
1241 1159 1
1242 498 1
1243 1754 1
1244 1414 1
1245 1208 1
1246 675 1
1247 1788 1
1248 1199 1
1249 1043 1
1250 1942 1
1251 267 1
1252 246 1
1253 1264 1
1254 1690 1
1255 85 1
1256 537 1
1257 1961 1
1258 1705 1
1259 558 1
1260 1614 1
1261 377 1
1262 1830 1
1263 1898 1
1264 1303 1
1265 803 1
1266 365 1
1267 694 1
1268 287 1
1269 866 1
1270 264 1
1271 1766 1
1272 1155 1
1273 1373 1
1274 53 1
1275 1480 1
1276 1948 1
1277 1140 1
1278 766 1
1279 1401 1
1280 1598 1
1281 64 1
1282 1520 1
1283 52 1
1284 1472 1
1285 1915 1
1286 1402 1
1287 551 1
1288 508 1
1289 403 1
1290 1496 1
1291 1900 1
1292 241 1
1293 1163 1
1294 986 1
1295 478 1
1296 1997 1
1297 1244 1
1298 1862 1
1299 527 1
1300 227 1
1301 1902 1
1302 632 1
1303 1756 1
1304 1602 1
1305 117 1
1306 254 1
1307 1138 1
1308 1241 1
1309 1080 1
1310 106 1
1311 855 1
1312 8 1
1313 1322 1
1314 920 1
1315 1650 1
1316 1995 1
1317 278 1
1318 139 1
1319 1629 1
1320 299 1
1321 1702 1
1322 853 1
1323 1096 1
1324 1457 1
1325 1726 1
1326 1397 1
1327 187 1
1328 69 1
1329 1742 1
1330 1561 1
1331 79 1
1332 340 1
1333 228 1
1334 356 1
1335 896 1
1336 648 1
1337 1581 1
1338 1153 1
1339 288 1
1340 1509 1
1341 968 1
1342 1998 1
1343 1284 1
1344 1148 1
1345 908 1
1346 886 1
1347 310 1
1348 599 1
1349 903 1
1350 930 1
1351 486 1
1352 1087 1
1353 251 1
1354 765 1
1355 978 1
1356 194 1
1357 1463 1
1358 310 1
1359 1502 1
1360 1935 1
1361 1164 1
1362 380 1
1363 1295 1
1364 537 1
1365 629 1
1366 1791 1
1367 66 1
1368 1082 1
1369 18 1
1370 1724 1
1371 1650 1
1372 961 1
1373 1089 1
1374 1571 1
1375 178 1
1376 1450 1
1377 688 1
1378 461 1
1379 446 1
1380 937 1
1381 153 1
1382 1615 1
1383 460 1
1384 272 1
1385 1275 1
1386 811 1
1387 1543 1
1388 1990 1
1389 380 1
1390 1129 1
1391 442 1
1392 1369 1
1393 1201 1
1394 1042 1
1395 1004 1
1396 1589 1
1397 1448 1
1398 1412 1
1399 1565 1
1400 699 1
1401 1498 1
1402 1403 1
1403 469 1
1404 1564 1
1405 1718 1
1406 1421 1
1407 268 1
1408 914 1
1409 920 1
1410 265 1
1411 1244 1
1412 604 1
1413 125 1
1414 1512 1
1415 1870 1
1416 1176 1
1417 1631 1
1418 1232 1
1419 1646 1
1420 945 1
1421 1597 1
1422 1155 1
1423 105 1
1424 1607 1
1425 655 1
1426 9 1
1427 495 1
1428 1515 1
1429 1992 1
1430 702 1
1431 175 1
1432 1382 1
1433 1003 1
1434 944 1
1435 1779 1
1436 1434 1
1437 1738 1
1438 1714 1
1439 956 1
1440 1715 1
1441 1473 1
1442 1337 1
1443 1453 1
1444 1098 1
1445 793 1
1446 776 1
1447 605 1
1448 1746 1
1449 462 1
1450 828 1
1451 1099 1
1452 812 1
1453 1335 1
1454 285 1
1455 1234 1
1456 713 1
1457 838 1
1458 1488 1
1459 758 1
1460 1365 1
1461 669 1
1462 240 1
1463 532 1
1464 1682 1
1465 1880 1
1466 1605 1
1467 598 1
1468 870 1
1469 1243 1
1470 1722 1
1471 1274 1
1472 571 1
1473 646 1
1474 557 1
1475 324 1
1476 1671 1
1477 1383 1
1478 1461 1
1479 1502 1
1480 1267 1
1481 693 1
1482 1670 1
1483 193 1
1484 212 1
1485 1373 1
1486 1648 1
1487 824 1
1488 1198 1
1489 1064 1
1490 508 1
1491 382 1
1492 1381 1
1493 844 1
1494 1978 1
1495 1766 1
1496 1907 1
1497 644 1
1498 1642 1
1499 22 1
1500 1019 1
1501 1103 1
1502 1809 1
1503 1392 1
1504 1864 1
1505 592 1
1506 1625 1
1507 1725 1
1508 48 1
1509 1970 1
1510 1271 1
1511 1520 1
1512 83 1
1513 390 1
1514 1638 1
1515 1630 1
1516 995 1
1517 984 1
1518 1185 1
1519 1777 1
1520 900 1
1521 1253 1
1522 66 1
1523 1127 1
1524 537 1
1525 1431 1
1526 718 1
1527 450 1
1528 727 1
1529 134 1
1530 1131 1
1531 242 1
1532 164 1
1533 523 1
1534 862 1
1535 1659 1
1536 528 1
1537 342 1
1538 624 1
1539 413 1
1540 1044 1
1541 306 1
1542 1009 1
1543 1697 1
1544 1324 1
1545 960 1
1546 1777 1
1547 1870 1
1548 725 1
1549 1354 1
1550 1181 1
1551 582 1
1552 116 1
1553 626 1
1554 1347 1
1555 155 1
1556 467 1
1557 1203 1
1558 1783 1
1559 822 1
1560 278 1
1561 16 1
1562 111 1
1563 1472 1
1564 661 1
1565 1563 1
1566 166 1
1567 186 1
1568 1686 1
1569 1429 1
1570 1144 1
1571 1474 1
1572 52 1
1573 869 1
1574 720 1
1575 897 1
1576 1644 1
1577 1217 1
1578 1470 1
1579 889 1
1580 297 1
1581 1467 1
1582 738 1
1583 47 1
1584 2 1
1585 1505 1
1586 5 1
1587 1923 1
1588 777 1
1589 1836 1
1590 1883 1
1591 1302 1
1592 775 1
1593 1643 1
1594 1044 1
1595 1792 1
1596 1494 1
1597 1642 1
1598 728 1
1599 1965 1
1600 47 1
1601 1115 1
1602 1979 1
1603 1923 1
1604 418 1
1605 1143 1
1606 1530 1
1607 347 1
1608 1961 1
1609 279 1
1610 434 1
1611 1357 1
1612 1690 1
1613 472 1
1614 193 1
1615 61 1
1616 1219 1
1617 1222 1
1618 1526 1
1619 742 1
1620 730 1
1621 672 1
1622 180 1
1623 304 1
1624 1637 1
1625 267 1
1626 593 1
1627 905 1
1628 1470 1
1629 1023 1
1630 1041 1
1631 529 1
1632 63 1
1633 221 1
1634 396 1
1635 1472 1
1636 1704 1
1637 126 1
1638 180 1
1639 1966 1
1640 1213 1
1641 338 1
1642 540 1
1643 224 1
1644 858 1
1645 1527 1
1646 482 1
1647 1400 1
1648 1850 1
1649 1116 1
1650 651 1
1651 1004 1
1652 330 1
1653 215 1
1654 536 1
1655 326 1
1656 118 1
1657 1591 1
1658 1728 1
1659 807 1
1660 47 1
1661 262 1
1662 297 1
1663 1155 1
1664 1844 1
1665 555 1
1666 1973 1
1667 1459 1
1668 1827 1
1669 56 1
1670 1257 1
1671 113 1
1672 266 1
1673 447 1
1674 1725 1
1675 738 1
1676 120 1
1677 452 1
1678 1570 1
1679 1559 1
1680 1644 1
1681 1881 1
1682 66 1
1683 1771 1
1684 1351 1
1685 1977 1
1686 1337 1
1687 444 1
1688 1694 1
1689 1146 1
1690 371 1
1691 795 1
1692 649 1
1693 45 1
1694 598 1
1695 1828 1
1696 945 1
1697 7 1
1698 946 1
1699 79 1
1700 373 1
1701 116 1
1702 1309 1
1703 1918 1
1704 1079 1
1705 60 1
1706 793 1
1707 1412 1
1708 1863 1
1709 1113 1
1710 1690 1
1711 1022 1
1712 584 1
1713 38 1
1714 803 1
1715 282 1
1716 1295 1
1717 330 1
1718 451 1
1719 457 1
1720 1281 1
1721 1015 1
1722 848 1
1723 485 1
1724 608 1
1725 1291 1
1726 367 1
1727 1211 1
1728 870 1
1729 1490 1
1730 973 1
1731 42 1
1732 906 1
1733 1505 1
1734 297 1
1735 1207 1
1736 254 1
1737 1807 1
1738 1896 1
1739 382 1
1740 765 1
1741 1840 1
1742 1414 1
1743 1611 1
1744 1348 1
1745 1908 1
1746 826 1
1747 1351 1
1748 1259 1
1749 72 1
1750 889 1
1751 774 1
1752 1312 1
1753 32 1
1754 1278 1
1755 814 1
1756 1093 1
1757 49 1
1758 547 1
1759 1131 1
1760 698 1
1761 663 1
1762 1985 1
1763 1369 1
1764 1277 1
1765 874 1
1766 1158 1
1767 1658 1
1768 1892 1
1769 1738 1
1770 276 1
1771 1991 1
1772 984 1
1773 1518 1
1774 892 1
1775 330 1
1776 391 1
1777 1948 1
1778 1355 1
1779 1327 1
1780 860 1
1781 1366 1
1782 1229 1
1783 1444 1
1784 960 1
1785 811 1
1786 817 1
1787 1768 1
1788 942 1
1789 333 1
1790 1148 1
1791 1619 1
1792 1520 1
1793 1130 1
1794 1415 1
1795 1462 1
1796 1547 1
1797 1392 1
1798 766 1
1799 1842 1
1800 1740 1
1801 1441 1
1802 611 1
1803 972 1
1804 1047 1
1805 1634 1
1806 767 1
1807 1017 1
1808 721 1
1809 1069 1
1810 771 1
1811 413 1
1812 242 1
1813 1297 1
1814 1951 1
1815 1120 1
1816 931 1
1817 583 1
1818 981 1
1819 1606 1
1820 1222 1
1821 1595 1
1822 6 1
1823 1295 1
1824 1588 1
1825 1553 1
1826 436 1
1827 27 1
1828 1077 1
1829 1648 1
1830 210 1
1831 22 1
1832 57 1
1833 1780 1
1834 88 1
1835 1128 1
1836 1561 1
1837 312 1
1838 1217 1
1839 802 1
1840 515 1
1841 1479 1
1842 1817 1
1843 1033 1
1844 926 1
1845 296 1
1846 264 1
1847 1734 1
1848 1138 1
1849 223 1
1850 796 1
1851 490 1
1852 1542 1
1853 1611 1
1854 208 1
1855 833 1
1856 355 1
1857 1905 1
1858 879 1
1859 1507 1
1860 618 1
1861 1058 1
1862 1643 1
1863 958 1
1864 1335 1
1865 1458 1
1866 888 1
1867 149 1
1868 1382 1
1869 293 1
1870 1033 1
1871 817 1
1872 1833 1
1873 611 1
1874 1475 1
1875 592 1
1876 395 1
1877 768 1
1878 225 1
1879 1686 1
1880 1721 1
1881 589 1
1882 1872 1
1883 735 1
1884 1346 1
1885 1805 1
1886 71 1
1887 1179 1
1888 1114 1
1889 1307 1
1890 1306 1
1891 410 1
1892 633 1
1893 1956 1
1894 926 1
1895 1720 1
1896 1874 1
1897 1390 1
1898 1092 1
1899 1562 1
1900 1281 1
1901 1865 1
1902 1733 1
1903 173 1
1904 437 1
1905 1107 1
1906 498 1
1907 1611 1
1908 1396 1
1909 910 1
1910 1146 1
1911 532 1
1912 417 1
1913 1188 1
1914 383 1
1915 704 1
1916 1183 1
1917 31 1
1918 654 1
1919 1525 1
1920 1244 1
1921 422 1
1922 1259 1
1923 508 1
1924 834 1
1925 1388 1
1926 1048 1
1927 1512 1
1928 204 1
1929 1908 1
1930 988 1
1931 804 1
1932 68 1
1933 1735 1
1934 1723 1
1935 187 1
1936 1704 1
1937 1881 1
1938 1612 1
1939 243 1
1940 976 1
1941 726 1
1942 1296 1
1943 191 1
1944 1290 1
1945 164 1
1946 966 1
1947 1326 1
1948 950 1
1949 1786 1
1950 1802 1
1951 43 1
1952 1051 1
1953 1433 1
1954 662 1
1955 923 1
1956 1960 1
1957 1603 1
1958 1345 1
1959 501 1
1960 1364 1
1961 1775 1
1962 1811 1
1963 444 1
1964 204 1
1965 843 1
1966 1485 1
1967 1870 1
1968 1652 1
1969 1251 1
1970 1382 1
1971 182 1
1972 236 1
1973 1236 1
1974 1881 1
1975 1646 1
1976 1805 1
1977 596 1
1978 1531 1
1979 255 1
1980 114 1
1981 878 1
1982 1744 1
1983 380 1
1984 216 1
1985 578 1
1986 1396 1
1987 101 1
1988 772 1
1989 231 1
1990 1511 1
1991 652 1
1992 23 1
1993 31 1
1994 1877 1
1995 1526 1
1996 1886 1
1997 127 1
1998 820 1
1999 1674 1
