100 Sparse V=100 E=100
0 6 1
1 4 1
2 20 1
3 62 1
4 12 1
5 81 1
6 10 1
7 87 1
8 69 1
9 2 1
10 81 1
11 5 1
12 59 1
13 67 1
14 66 1
15 43 1
16 5 1
17 63 1
18 9 1
19 67 1
20 79 1
21 30 1
22 70 1
23 13 1
24 60 1
25 39 1
26 91 1
27 35 1
28 68 1
29 13 1
30 84 1
31 66 1
32 52 1
33 87 1
34 23 1
35 8 1
36 11 1
37 34 1
38 92 1
39 28 1
40 51 1
41 39 1
42 38 1
43 45 1
44 15 1
45 4 1
46 99 1
47 63 1
48 40 1
49 50 1
50 75 1
51 95 1
52 39 1
53 12 1
54 7 1
55 93 1
56 74 1
57 28 1
58 74 1
59 20 1
60 28 1
61 28 1
62 35 1
63 73 1
64 38 1
65 26 1
66 36 1
67 63 1
68 6 1
69 32 1
70 97 1
71 17 1
72 69 1
73 45 1
74 29 1
75 68 1
76 46 1
77 82 1
78 75 1
79 29 1
80 64 1
81 73 1
82 3 1
83 98 1
84 40 1
85 80 1
86 51 1
87 42 1
88 52 1
89 7 1
90 48 1
91 68 1
92 88 1
93 1 1
94 52 1
95 0 1
96 44 1
97 4 1
98 63 1
99 62 1
