1000 Sparse V=1000 E=1000
0 372 1
1 443 1
2 582 1
3 25 1
4 245 1
5 699 1
6 708 1
7 338 1
8 874 1
9 151 1
10 318 1
11 214 1
12 150 1
13 227 1
14 936 1
15 823 1
16 701 1
17 215 1
18 364 1
19 430 1
20 155 1
21 210 1
22 231 1
23 18 1
24 101 1
25 833 1
26 311 1
27 771 1
28 780 1
29 953 1
30 113 1
31 293 1
32 630 1
33 444 1
34 744 1
35 705 1
36 117 1
37 269 1
38 332 1
39 470 1
40 178 1
41 622 1
42 737 1
43 749 1
44 440 1
45 978 1
46 77 1
47 823 1
48 844 1
49 839 1
50 810 1
51 62 1
52 710 1
53 938 1
54 46 1
55 565 1
56 754 1
57 35 1
58 124 1
59 895 1
60 234 1
61 360 1
62 850 1
63 866 1
64 915 1
65 728 1
66 346 1
67 567 1
68 787 1
69 373 1
70 54 1
71 290 1
72 656 1
73 359 1
74 935 1
75 849 1
76 557 1
77 889 1
78 190 1
79 450 1
80 7 1
81 897 1
82 542 1
83 450 1
84 140 1
85 568 1
86 250 1
87 569 1
88 626 1
89 307 1
90 870 1
91 562 1
92 663 1
93 336 1
94 475 1
95 590 1
96 535 1
97 321 1
98 593 1
99 302 1
100 814 1
101 253 1
102 746 1
103 466 1
104 945 1
105 123 1
106 878 1
107 223 1
108 207 1
109 686 1
110 529 1
111 243 1
112 957 1
113 958 1
114 651 1
115 975 1
116 28 1
117 687 1
118 103 1
119 636 1
120 742 1
121 403 1
122 972 1
123 645 1
124 364 1
125 214 1
126 766 1
127 798 1
128 112 1
129 992 1
130 828 1
131 240 1
132 958 1
133 285 1
134 807 1
135 169 1
136 41 1
137 186 1
138 163 1
139 285 1
140 392 1
141 496 1
142 307 1
143 356 1
144 800 1
145 208 1
146 216 1
147 536 1
148 860 1
149 344 1
150 244 1
151 191 1
152 846 1
153 90 1
154 109 1
155 352 1
156 757 1
157 695 1
158 950 1
159 317 1
160 509 1
161 402 1
162 120 1
163 364 1
164 287 1
165 302 1
166 710 1
167 857 1
168 813 1
169 525 1
170 310 1
171 695 1
172 178 1
173 739 1
174 161 1
175 1 1
176 483 1
177 974 1
178 974 1
179 145 1
180 362 1
181 278 1
182 224 1
183 618 1
184 310 1
185 282 1
186 911 1
187 403 1
188 199 1
189 211 1
190 460 1
191 338 1
192 539 1
193 136 1
194 636 1
195 614 1
196 375 1
197 859 1
198 149 1
199 889 1
200 917 1
201 18 1
202 484 1
203 313 1
204 174 1
205 80 1
206 850 1
207 859 1
208 322 1
209 376 1
210 28 1
211 58 1
212 170 1
213 344 1
214 910 1
215 489 1
216 670 1
217 430 1
218 326 1
219 875 1
220 748 1
221 594 1
222 197 1
223 499 1
224 925 1
225 101 1
226 322 1
227 973 1
228 70 1
229 943 1
230 312 1
231 498 1
232 592 1
233 154 1
234 142 1
235 54 1
236 220 1
237 949 1
238 688 1
239 968 1
240 36 1
241 611 1
242 125 1
243 947 1
244 331 1
245 627 1
246 244 1
247 396 1
248 319 1
249 666 1
250 170 1
251 211 1
252 394 1
253 574 1
254 772 1
255 692 1
256 50 1
257 819 1
258 386 1
259 842 1
260 352 1
261 620 1
262 764 1
263 613 1
264 866 1
265 736 1
266 99 1
267 168 1
268 776 1
269 132 1
270 225 1
271 576 1
272 818 1
273 369 1
274 966 1
275 595 1
276 141 1
277 749 1
278 870 1
279 884 1
280 840 1
281 198 1
282 345 1
283 878 1
284 239 1
285 585 1
286 238 1
287 98 1
288 960 1
289 84 1
290 79 1
291 192 1
292 771 1
293 125 1
294 437 1
295 18 1
296 644 1
297 96 1
298 531 1
299 414 1
300 519 1
301 920 1
302 660 1
303 479 1
304 913 1
305 868 1
306 79 1
307 642 1
308 809 1
309 872 1
310 123 1
311 976 1
312 479 1
313 465 1
314 241 1
315 194 1
316 139 1
317 385 1
318 810 1
319 943 1
320 148 1
321 510 1
322 274 1
323 12 1
324 967 1
325 894 1
326 240 1
327 371 1
328 194 1
329 308 1
330 395 1
331 656 1
332 654 1
333 330 1
334 488 1
335 317 1
336 221 1
337 24 1
338 742 1
339 847 1
340 455 1
341 880 1
342 878 1
343 794 1
344 273 1
345 536 1
346 806 1
347 811 1
348 298 1
349 3 1
350 76 1
351 469 1
352 598 1
353 449 1
354 353 1
355 530 1
356 773 1
357 38 1
358 783 1
359 560 1
360 533 1
361 909 1
362 778 1
363 365 1
364 424 1
365 895 1
366 896 1
367 353 1
368 415 1
369 257 1
370 447 1
371 406 1
372 942 1
373 266 1
374 772 1
375 788 1
376 311 1
377 276 1
378 796 1
379 362 1
380 327 1
381 492 1
382 189 1
383 640 1
384 608 1
385 794 1
386 887 1
387 733 1
388 397 1
389 753 1
390 707 1
391 915 1
392 202 1
393 624 1
394 672 1
395 528 1
396 331 1
397 513 1
398 389 1
399 222 1
400 86 1
401 407 1
402 428 1
403 787 1
404 39 1
405 202 1
406 277 1
407 49 1
408 649 1
409 754 1
410 700 1
411 764 1
412 249 1
413 3 1
414 558 1
415 60 1
416 874 1
417 158 1
418 625 1
419 661 1
420 187 1
421 183 1
422 136 1
423 763 1
424 934 1
425 588 1
426 675 1
427 474 1
428 564 1
429 865 1
430 157 1
431 153 1
432 399 1
433 302 1
434 729 1
435 613 1
436 411 1
437 304 1
438 143 1
439 232 1
440 364 1
441 412 1
442 842 1
443 682 1
444 974 1
445 678 1
446 518 1
447 620 1
448 348 1
449 931 1
450 275 1
451 990 1
452 484 1
453 209 1
454 736 1
455 830 1
456 722 1
457 583 1
458 116 1
459 106 1
460 131 1
461 908 1
462 681 1
463 159 1
464 774 1
465 436 1
466 329 1
467 73 1
468 952 1
469 587 1
470 706 1
471 568 1
472 255 1
473 485 1
474 155 1
475 658 1
476 717 1
477 852 1
478 490 1
479 368 1
480 369 1
481 717 1
482 592 1
483 398 1
484 47 1
485 695 1
486 890 1
487 998 1
488 779 1
489 771 1
490 107 1
491 40 1
492 200 1
493 918 1
494 75 1
495 708 1
496 88 1
497 282 1
498 818 1
499 369 1
500 940 1
501 110 1
502 554 1
503 477 1
504 684 1
505 175 1
506 135 1
507 390 1
508 887 1
509 79 1
510 137 1
511 92 1
512 552 1
513 654 1
514 265 1
515 227 1
516 568 1
517 663 1
518 485 1
519 897 1
520 891 1
521 431 1
522 23 1
523 161 1
524 151 1
525 614 1
526 668 1
527 359 1
528 890 1
529 744 1
530 118 1
531 703 1
532 526 1
533 817 1
534 61 1
535 280 1
536 71 1
537 80 1
538 471 1
539 682 1
540 922 1
541 468 1
542 998 1
543 143 1
544 962 1
545 105 1
546 106 1
547 909 1
548 764 1
549 916 1
550 816 1
551 856 1
552 667 1
553 206 1
554 899 1
555 86 1
556 829 1
557 841 1
558 325 1
559 877 1
560 137 1
561 220 1
562 761 1
563 291 1
564 62 1
565 67 1
566 279 1
567 506 1
568 524 1
569 378 1
570 843 1
571 549 1
572 586 1
573 842 1
574 114 1
575 962 1
576 41 1
577 234 1
578 33 1
579 701 1
580 555 1
581 601 1
582 95 1
583 699 1
584 181 1
585 346 1
586 270 1
587 36 1
588 504 1
589 321 1
590 6 1
591 314 1
592 960 1
593 805 1
594 213 1
595 922 1
596 751 1
597 351 1
598 701 1
599 299 1
600 118 1
601 260 1
602 409 1
603 982 1
604 223 1
605 208 1
606 146 1
607 843 1
608 823 1
609 958 1
610 368 1
611 187 1
612 823 1
613 212 1
614 83 1
615 881 1
616 513 1
617 462 1
618 914 1
619 45 1
620 974 1
621 59 1
622 568 1
623 934 1
624 126 1
625 755 1
626 541 1
627 134 1
628 708 1
629 377 1
630 418 1
631 316 1
632 123 1
633 454 1
634 871 1
635 468 1
636 47 1
637 476 1
638 413 1
639 897 1
640 779 1
641 917 1
642 75 1
643 249 1
644 538 1
645 331 1
646 485 1
647 677 1
648 277 1
649 43 1
650 24 1
651 793 1
652 296 1
653 758 1
654 913 1
655 377 1
656 295 1
657 407 1
658 380 1
659 912 1
660 327 1
661 906 1
662 344 1
663 41 1
664 13 1
665 725 1
666 598 1
667 912 1
668 914 1
669 799 1
670 337 1
671 661 1
672 996 1
673 369 1
674 773 1
675 738 1
676 47 1
677 530 1
678 554 1
679 454 1
680 888 1
681 403 1
682 126 1
683 645 1
684 314 1
685 575 1
686 0 1
687 166 1
688 498 1
689 410 1
690 110 1
691 594 1
692 842 1
693 777 1
694 972 1
695 883 1
696 822 1
697 937 1
698 774 1
699 230 1
700 867 1
701 704 1
702 739 1
703 331 1
704 792 1
705 485 1
706 257 1
707 922 1
708 217 1
709 483 1
710 280 1
711 606 1
712 28 1
713 808 1
714 995 1
715 844 1
716 602 1
717 692 1
718 835 1
719 574 1
720 713 1
721 751 1
722 539 1
723 480 1
724 822 1
725 586 1
726 414 1
727 957 1
728 744 1
729 956 1
730 654 1
731 257 1
732 196 1
733 739 1
734 859 1
735 224 1
736 706 1
737 586 1
738 720 1
739 247 1
740 304 1
741 184 1
742 533 1
743 999 1
744 829 1
745 602 1
746 326 1
747 980 1
748 864 1
749 251 1
750 224 1
751 624 1
752 54 1
753 247 1
754 345 1
755 478 1
756 944 1
757 608 1
758 388 1
759 905 1
760 476 1
761 157 1
762 698 1
763 534 1
764 985 1
765 469 1
766 418 1
767 812 1
768 977 1
769 854 1
770 503 1
771 142 1
772 55 1
773 510 1
774 244 1
775 111 1
776 599 1
777 535 1
778 269 1
779 690 1
780 583 1
781 838 1
782 194 1
783 466 1
784 249 1
785 678 1
786 332 1
787 247 1
788 365 1
789 238 1
790 711 1
791 540 1
792 678 1
793 458 1
794 798 1
795 797 1
796 977 1
797 23 1
798 214 1
799 42 1
800 272 1
801 920 1
802 819 1
803 767 1
804 857 1
805 32 1
806 132 1
807 437 1
808 87 1
809 581 1
810 173 1
811 570 1
812 238 1
813 716 1
814 888 1
815 267 1
816 736 1
817 460 1
818 737 1
819 180 1
820 783 1
821 788 1
822 391 1
823 636 1
824 192 1
825 531 1
826 667 1
827 932 1
828 262 1
829 623 1
830 441 1
831 431 1
832 293 1
833 259 1
834 756 1
835 847 1
836 433 1
837 282 1
838 287 1
839 769 1
840 170 1
841 743 1
842 797 1
843 586 1
844 283 1
845 428 1
846 131 1
847 903 1
848 388 1
849 65 1
850 714 1
851 689 1
852 156 1
853 811 1
854 364 1
855 504 1
856 689 1
857 884 1
858 885 1
859 280 1
860 606 1
861 228 1
862 424 1
863 757 1
864 889 1
865 65 1
866 88 1
867 389 1
868 42 1
869 63 1
870 486 1
871 628 1
872 347 1
873 103 1
874 952 1
875 513 1
876 280 1
877 254 1
878 528 1
879 944 1
880 913 1
881 952 1
882 470 1
883 311 1
884 850 1
885 514 1
886 870 1
887 966 1
888 944 1
889 104 1
890 29 1
891 645 1
892 437 1
893 897 1
894 529 1
895 262 1
896 864 1
897 241 1
898 671 1
899 663 1
900 982 1
901 906 1
902 454 1
903 936 1
904 362 1
905 270 1
906 552 1
907 944 1
908 228 1
909 438 1
910 748 1
911 851 1
912 478 1
913 579 1
914 730 1
915 747 1
916 885 1
917 87 1
918 496 1
919 277 1
920 749 1
921 920 1
922 484 1
923 272 1
924 200 1
925 456 1
926 711 1
927 530 1
928 73 1
929 378 1
930 332 1
931 469 1
932 431 1
933 417 1
934 198 1
935 551 1
936 184 1
937 538 1
938 793 1
939 331 1
940 610 1
941 464 1
942 875 1
943 34 1
944 403 1
945 108 1
946 747 1
947 794 1
948 30 1
949 640 1
950 155 1
951 703 1
952 906 1
953 896 1
954 904 1
955 338 1
956 90 1
957 798 1
958 567 1
959 525 1
960 837 1
961 314 1
962 519 1
963 148 1
964 494 1
965 345 1
966 685 1
967 203 1
968 435 1
969 279 1
970 991 1
971 198 1
972 287 1
973 986 1
974 777 1
975 66 1
976 818 1
977 658 1
978 379 1
979 964 1
980 932 1
981 385 1
982 334 1
983 568 1
984 162 1
985 249 1
986 208 1
987 547 1
988 387 1
989 136 1
990 764 1
991 952 1
992 806 1
993 569 1
994 142 1
995 867 1
996 190 1
997 899 1
998 114 1
999 296 1
