10
0       Madrid          40.2508         3.4131
1       Kyoto           35.0212466      135.7555968
2       Sapporo         43.0646147      141.3468074
3       Osaka           34.6862971      135.5196609
4       Paris           48.5144         2.2104
5       München         48.0800         11.3400
6       Naha            26.2124013      127.6809317
7       Napoli          40.5000         14.1500
8       New York        40.4246         -74.0022
9       Yokohama        35.4475073      139.6423446
